7025.28
9233.23
4014.45
4676.83
1676.03
10036.12
8370.11
8711.35
3352.07
12043.34
5018.06
145847.12
1182.72
629.20
262.33
9055.63
45278.16
1633.94
757.90
740.08
228.43
114.22
38.97
40.52
71.42
155.26
194.28
243.97
228.43
1391.14
113.73
77.94
1386.74
67562.88
141124.66
78768.31
7879.62
6119.10
148.73
114.89
143.63
185.91
78.84
13171.21
731.92
582.83
1095.55
621.02
777.09
1375.80
310.51
388.55
776.28
1146.50
465.77
875.51
917.20
912.96
487.94
456.86
47308.80
23654.40
14192.64
10247.07
225.63
345.56
451.25
691.10
742.52
1158.46
2323.88
5123.54
7762.93
15370.60
23288.79
30741.23
145353.67
33293.57
16646.78
8412.10
4161.70
30.67
42.38
257966.87